
obj/kern/kernel:     file format elf32-i386

Contents of .stab section:

Symnum n_type n_othr n_desc n_value  n_strx String

-1     HdrSym 0      1204   00001556 1     
0      SO     0      0      f0100000 1      {standard input}
1      SOL    0      0      f010000c 18     kern/entry.S
2      SLINE  0      44     f010000c 0      
3      SLINE  0      57     f0100015 0      
4      SLINE  0      58     f010001a 0      
5      SLINE  0      60     f010001d 0      
6      SLINE  0      61     f0100020 0      
7      SLINE  0      62     f0100025 0      
8      SLINE  0      69     f0100028 0      
9      SLINE  0      71     f010002d 0      
10     SLINE  0      77     f010002f 0      
11     SLINE  0      80     f0100034 0      
12     SLINE  0      83     f0100039 0      
13     SLINE  0      86     f010003e 0      
14     SO     0      2      f0100040 31     kern/entrypgdir.c
15     OPT    0      0      00000000 49     gcc2_compiled.
16     GSYM   0      0      00000000 64     entry_pgdir:G(0,1)=ar(0,2)=r(0,2);0;4294967295;;0;1023;(0,3)=(0,4)=(0,5)=r(0,5);0;4294967295;
17     LSYM   0      0      00000000 158    pde_t:t(0,3)
18     LSYM   0      0      00000000 171    uint32_t:t(0,4)
19     LSYM   0      0      00000000 187    unsigned int:t(0,5)
20     GSYM   0      0      00000000 207    entry_pgtable:G(0,6)=ar(0,2);0;1023;(0,7)=(0,4)
21     LSYM   0      0      00000000 255    pte_t:t(0,7)
22     SO     0      0      f0100040 0      
23     SO     0      2      f0100040 268    kern/init.c
24     OPT    0      0      00000000 49     gcc2_compiled.
25     FUN    0      0      f0100040 280    test_backtrace:F(0,1)=(0,1)
26     LSYM   0      0      00000000 308    void:t(0,1)
27     PSYM   0      0      00000008 320    x:p(0,2)=r(0,2);-2147483648;2147483647;
28     LSYM   0      0      00000000 360    int:t(0,2)
29     SLINE  0      13     00000000 0      
30     SLINE  0      14     00000013 0      
31     SLINE  0      15     00000023 0      
32     SLINE  0      16     0000002a 0      
33     SLINE  0      19     00000039 0      
34     SLINE  0      20     00000049 0      
35     SLINE  0      18     00000053 0      
36     RSYM   0      0      00000006 371    x:r(0,2)
37     FUN    0      0      f01000a6 380    i386_init:F(0,1)
38     SLINE  0      24     00000000 0      
39     SLINE  0      30     00000012 0      
40     SLINE  0      30     00000020 0      
41     SLINE  0      34     00000029 0      
42     SLINE  0      36     0000002e 0      
43     SLINE  0      40     00000042 0      
44     SLINE  0      46     00000054 0      
45     SLINE  0      47     0000005b 0      
46     SLINE  0      51     00000073 0      
47     SLINE  0      55     00000084 0      
48     SLINE  0      59     00000093 0      
49     LSYM   0      0      fffffff4 397    i:(0,3)=r(0,3);0;4294967295;
50     LSYM   0      0      00000000 426    unsigned int:t(0,3)
51     LBRAC  0      0      00000000 0      
52     RBRAC  0      0      000000a2 0      
53     FUN    0      0      f0100148 446    _panic:F(0,1)
54     PSYM   0      0      00000008 460    file:p(0,4)=*(0,5)=r(0,5);0;127;
55     PSYM   0      0      0000000c 493    line:p(0,2)
56     PSYM   0      0      00000010 505    fmt:p(0,4)
57     LSYM   0      0      00000000 516    char:t(0,5)
58     SLINE  0      75     00000000 0      
59     SLINE  0      78     00000010 0      
60     SLINE  0      94     00000019 0      
61     SLINE  0      80     00000028 0      
62     SLINE  0      83     00000031 0      
63     SLINE  0      85     00000033 0      
64     SLINE  0      86     00000036 0      
65     SLINE  0      87     0000004b 0      
66     SLINE  0      88     00000057 0      
67     FUN    0      0      f01001b2 528    _warn:F(0,1)
68     PSYM   0      0      00000008 541    file:p(0,4)
69     PSYM   0      0      0000000c 493    line:p(0,2)
70     PSYM   0      0      00000010 505    fmt:p(0,4)
71     SLINE  0      100    00000000 0      
72     SLINE  0      103    00000010 0      
73     SLINE  0      104    00000013 0      
74     SLINE  0      105    00000028 0      
75     SLINE  0      106    00000034 0      
76     SLINE  0      108    00000042 0      
77     GSYM   0      0      00000000 553    panicstr:G(0,4)
78     SO     0      0      f01001fe 0      
79     SO     0      2      f0100202 569    kern/console.c
80     OPT    0      0      00000000 49     gcc2_compiled.
81     FUN    0      0      f0100202 584    serial_proc_data:f(0,1)=r(0,1);-2147483648;2147483647;
82     LSYM   0      0      00000000 639    int:t(0,1)
83     SLINE  0      52     00000000 0      
84     SOL    0      0      f0100202 650    ./inc/x86.h
85     SLINE  0      16     00000000 0      
86     SOL    0      0      f0100208 569    kern/console.c
87     SLINE  0      53     00000006 0      
88     SOL    0      0      f010020c 650    ./inc/x86.h
89     SLINE  0      16     0000000a 0      
90     SOL    0      0      f0100212 569    kern/console.c
91     SLINE  0      55     00000010 0      
92     SLINE  0      54     00000014 0      
93     SLINE  0      56     00000019 0      
94     LSYM   0      0      00000000 662    uint8_t:t(0,2)=(0,3)=r(0,3);0;255;
95     LSYM   0      0      00000000 697    unsigned char:t(0,3)
96     FUN    0      0      f010021c 718    cons_intr:f(0,4)=(0,4)
97     LSYM   0      0      00000000 741    void:t(0,4)
98     RSYM   0      0      00000007 753    proc:P(0,5)=*(0,6)=f(0,1)
99     SLINE  0      411    00000000 0      
100    SLINE  0      417    00000016 0      
101    SLINE  0      417    0000001c 0      
102    SLINE  0      414    00000025 0      
103    SLINE  0      417    00000027 0      
104    SLINE  0      417    0000002e 0      
105    SLINE  0      417    00000031 0      
106    SLINE  0      418    00000037 0      
107    SLINE  0      419    0000003d 0      
108    SLINE  0      414    0000004c 0      
109    SLINE  0      414    00000051 0      
110    SLINE  0      415    00000056 0      
111    SLINE  0      421    0000005c 0      
112    RSYM   0      0      00000000 779    c:r(0,1)
113    LBRAC  0      0      00000000 0      
114    RBRAC  0      0      00000064 0      
115    FUN    0      0      f0100280 788    kbd_proc_data:f(0,1)
116    SLINE  0      331    00000000 0      
117    SOL    0      0      f0100290 650    ./inc/x86.h
118    SLINE  0      16     00000010 0      
119    SOL    0      0      f0100296 569    kern/console.c
120    SLINE  0      337    00000016 0      
121    SLINE  0      340    0000001e 0      
122    SOL    0      0      f01002a6 650    ./inc/x86.h
123    SLINE  0      16     00000026 0      
124    SOL    0      0      f01002ae 569    kern/console.c
125    SLINE  0      345    0000002e 0      
126    SLINE  0      349    00000032 0      
127    SLINE  0      354    00000036 0      
128    SLINE  0      354    0000003c 0      
129    SLINE  0      356    00000041 0      
130    SLINE  0      357    00000046 0      
131    SLINE  0      360    0000004f 0      
132    SLINE  0      360    0000005a 0      
133    SLINE  0      361    00000060 0      
134    SLINE  0      361    00000068 0      
135    SLINE  0      363    00000070 0      
136    SLINE  0      363    00000075 0      
137    SLINE  0      363    00000080 0      
138    SLINE  0      364    00000083 0      
139    SLINE  0      365    00000087 0      
140    SLINE  0      365    0000008c 0      
141    SLINE  0      366    00000091 0      
142    SLINE  0      347    00000096 0      
143    SLINE  0      348    0000009d 0      
144    SLINE  0      379    000000a2 0      
145    SLINE  0      351    000000ab 0      
146    SLINE  0      351    000000b1 0      
147    SLINE  0      352    000000ba 0      
148    SLINE  0      352    000000bd 0      
149    SLINE  0      352    000000cb 0      
150    SLINE  0      352    000000cd 0      
151    SLINE  0      353    000000d5 0      
152    SLINE  0      367    000000dc 0      
153    SLINE  0      368    000000df 0      
154    SLINE  0      373    000000e8 0      
155    SLINE  0      373    000000ea 0      
156    SLINE  0      374    000000f6 0      
157    SOL    0      0      f0100385 650    ./inc/x86.h
158    SLINE  0      66     00000105 0      
159    SLINE  0      67     00000110 0      
160    SOL    0      0      f0100395 569    kern/console.c
161    SLINE  0      338    00000115 0      
162    SLINE  0      341    0000011c 0      
163    RSYM   0      0      00000006 779    c:r(0,1)
164    RSYM   0      0      00000002 809    data:r(0,2)
165    LCSYM  0      0      f0112080 821    shift:V(0,7)=(0,8)=r(0,8);0;4294967295;
166    LSYM   0      0      00000000 861    uint32_t:t(0,7)
167    LSYM   0      0      00000000 877    unsigned int:t(0,8)
168    LBRAC  0      0      00000000 0      
169    RSYM   0      0      00000002 809    data:r(0,2)
170    LBRAC  0      0      00000026 0      
171    RBRAC  0      0      0000002e 0      
172    RBRAC  0      0      00000126 0      
173    FUN    0      0      f01003a6 897    cons_putc:f(0,4)
174    RSYM   0      0      00000000 914    c:P(0,1)
175    SLINE  0      448    00000000 0      
176    SLINE  0      70     00000017 0      
177    SOL    0      0      f01003c2 650    ./inc/x86.h
178    SLINE  0      16     0000001c 0      
179    SOL    0      0      f01003cf 569    kern/console.c
180    SLINE  0      71     00000029 0      
181    SOL    0      0      f01003db 650    ./inc/x86.h
182    SLINE  0      16     00000035 0      
183    SOL    0      0      f01003e1 569    kern/console.c
184    SLINE  0      72     0000003b 0      
185    SLINE  0      75     00000040 0      
186    SOL    0      0      f01003ed 650    ./inc/x86.h
187    SLINE  0      66     00000047 0      
188    SOL    0      0      f01003f3 569    kern/console.c
189    SLINE  0      116    0000004d 0      
190    SOL    0      0      f01003f8 650    ./inc/x86.h
191    SLINE  0      16     00000052 0      
192    SOL    0      0      f0100405 569    kern/console.c
193    SLINE  0      116    0000005f 0      
194    SOL    0      0      f0100411 650    ./inc/x86.h
195    SLINE  0      16     0000006b 0      
196    SOL    0      0      f0100417 569    kern/console.c
197    SLINE  0      116    00000071 0      
198    SOL    0      0      f010041c 650    ./inc/x86.h
199    SLINE  0      66     00000076 0      
200    SOL    0      0      f0100437 569    kern/console.c
201    SLINE  0      177    00000091 0      
202    SLINE  0      179    000000a7 0      
203    SLINE  0      179    000000aa 0      
204    SLINE  0      193    000000cc 0      
205    SLINE  0      194    000000d6 0      
206    SLINE  0      195    000000e0 0      
207    SLINE  0      196    000000ea 0      
208    SLINE  0      197    000000f4 0      
209    SLINE  0      198    000000fe 0      
210    SLINE  0      179    00000100 0      
211    SLINE  0      190    00000109 0      
212    SLINE  0      207    00000126 0      
213    SLINE  0      218    00000135 0      
214    SOL    0      0      f01004e1 650    ./inc/x86.h
215    SLINE  0      66     0000013b 0      
216    SOL    0      0      f01004e9 569    kern/console.c
217    SLINE  0      219    00000143 0      
218    SLINE  0      219    0000014a 0      
219    SLINE  0      219    0000014d 0      
220    SOL    0      0      f01004f9 650    ./inc/x86.h
221    SLINE  0      66     00000153 0      
222    SOL    0      0      f0100509 569    kern/console.c
223    SLINE  0      452    00000163 0      
224    SLINE  0      181    0000016b 0      
225    SLINE  0      181    00000172 0      
226    SLINE  0      182    00000177 0      
227    SLINE  0      183    00000181 0      
228    SLINE  0      183    00000184 0      
229    SLINE  0      183    0000018a 0      
230    SLINE  0      187    00000199 0      
231    SLINE  0      200    000001a6 0      
232    SLINE  0      200    000001ba 0      
233    SLINE  0      201    000001c8 0      
234    SLINE  0      210    000001cd 0      
235    SLINE  0      210    000001db 0      
236    SLINE  0      210    000001e1 0      
237    SLINE  0      213    000001e8 0      
238    SLINE  0      213    000001fd 0      
239    SLINE  0      212    00000202 0      
240    SLINE  0      214    00000209 0      
241    RSYM   0      0      00000006 923    i:r(0,1)
242    LBRAC  0      0      00000017 0      
243    RBRAC  0      0      0000004d 0      
244    RSYM   0      0      00000006 923    i:r(0,1)
245    LBRAC  0      0      0000004d 0      
246    RBRAC  0      0      00000091 0      
247    FUN    0      0      f01005bc 932    serial_intr:F(0,4)
248    SLINE  0      60     00000000 0      
249    SLINE  0      61     0000000a 0      
250    SLINE  0      60     00000014 0      
251    SLINE  0      62     0000001a 0      
252    SLINE  0      63     00000025 0      
253    FUN    0      0      f01005e3 951    kbd_intr:F(0,4)
254    SLINE  0      383    00000000 0      
255    SLINE  0      384    00000010 0      
256    SLINE  0      385    0000001b 0      
257    FUN    0      0      f0100600 967    cons_getc:F(0,1)
258    SLINE  0      426    00000000 0      
259    SLINE  0      432    00000012 0      
260    SLINE  0      433    00000017 0      
261    SLINE  0      436    0000001c 0      
262    SLINE  0      442    00000022 0      
263    SLINE  0      436    00000027 0      
264    SLINE  0      437    0000002f 0      
265    SLINE  0      437    00000032 0      
266    SLINE  0      439    0000003a 0      
267    SLINE  0      443    0000004d 0      
268    RSYM   0      0      00000002 779    c:r(0,1)
269    LBRAC  0      0      00000000 0      
270    RBRAC  0      0      00000054 0      
271    FUN    0      0      f0100654 984    cons_init:F(0,4)
272    SLINE  0      457    00000000 0      
273    SLINE  0      146    00000014 0      
274    SLINE  0      147    0000001b 0      
275    SLINE  0      149    00000024 0      
276    SLINE  0      151    00000030 0      
277    SLINE  0      149    00000035 0      
278    SLINE  0      152    0000003f 0      
279    SOL    0      0      f0100699 650    ./inc/x86.h
280    SLINE  0      66     00000045 0      
281    SOL    0      0      f01006a1 569    kern/console.c
282    SLINE  0      160    0000004d 0      
283    SOL    0      0      f01006a4 650    ./inc/x86.h
284    SLINE  0      16     00000050 0      
285    SOL    0      0      f01006a7 569    kern/console.c
286    SLINE  0      160    00000053 0      
287    SLINE  0      160    00000056 0      
288    SOL    0      0      f01006b0 650    ./inc/x86.h
289    SLINE  0      66     0000005c 0      
290    SLINE  0      16     00000064 0      
291    SOL    0      0      f01006bb 569    kern/console.c
292    SLINE  0      165    00000067 0      
293    SLINE  0      162    0000006d 0      
294    SLINE  0      162    00000070 0      
295    SLINE  0      167    00000073 0      
296    SOL    0      0      f01006ce 650    ./inc/x86.h
297    SLINE  0      66     0000007a 0      
298    SLINE  0      16     000000c1 0      
299    SOL    0      0      f010071d 569    kern/console.c
300    SLINE  0      99     000000c9 0      
301    SLINE  0      99     000000cb 0      
302    SOL    0      0      f0100726 650    ./inc/x86.h
303    SLINE  0      16     000000d2 0      
304    SOL    0      0      f0100732 569    kern/console.c
305    SLINE  0      462    000000de 0      
306    SLINE  0      464    000000e3 0      
307    SLINE  0      154    000000eb 0      
308    SLINE  0      145    000000f7 0      
309    SLINE  0      463    00000101 0      
310    SLINE  0      464    00000113 0      
311    RSYM   0      0      00000007 1001   cp:r(0,9)=*(0,10)=(0,11)=r(0,11);0;65535;
312    LSYM   0      0      00000000 1043   uint16_t:t(0,10)
313    LSYM   0      0      00000000 1060   short unsigned int:t(0,11)
314    RSYM   0      0      00000002 1087   was:r(0,10)
315    LBRAC  0      0      00000014 0      
316    RBRAC  0      0      0000007a 0      
317    RSYM   0      0      00000007 1099   cp:r(0,9)
318    RSYM   0      0      00000002 1087   was:r(0,10)
319    LBRAC  0      0      000000eb 0      
320    RBRAC  0      0      00000101 0      
321    FUN    0      0      f0100769 1109   cputchar:F(0,4)
322    PSYM   0      0      00000008 1125   c:p(0,1)
323    SLINE  0      471    00000000 0      
324    SLINE  0      472    00000006 0      
325    SLINE  0      473    0000000e 0      
326    FUN    0      0      f0100779 1134   getchar:F(0,1)
327    SLINE  0      477    00000000 0      
328    SLINE  0      480    00000006 0      
329    SLINE  0      480    0000000b 0      
330    SLINE  0      483    0000000f 0      
331    RSYM   0      0      00000000 779    c:r(0,1)
332    LBRAC  0      0      00000000 0      
333    RBRAC  0      0      00000011 0      
334    FUN    0      0      f010078a 1149   iscons:F(0,1)
335    PSYM   0      0      00000008 1163   fdnum:p(0,1)
336    SLINE  0      487    00000000 0      
337    SLINE  0      490    00000000 0      
338    LCSYM  0      0      f0112080 1176   shift:V(0,7)
339    LCSYM  0      0      f01120a0 1189   cons:S(0,12)=s520buf:(0,13)=ar(0,14)=r(0,14);0;4294967295;;0;511;(0,2),0,4096;rpos:(0,7),4096,32;wpos:(0,7),4128,32;;
340    STSYM  0      0      f0112000 1307   charcode:S(0,15)=ar(0,14);0;3;(0,16)=*(0,2)
341    STSYM  0      0      f0110000 1351   ctlmap:S(0,17)=ar(0,14);0;255;(0,2)
342    STSYM  0      0      f0110100 1387   shiftmap:S(0,17)
343    STSYM  0      0      f0110200 1404   normalmap:S(0,17)
344    STSYM  0      0      f0101ba0 1422   togglecode:S(0,17)
345    STSYM  0      0      f0101ca0 1441   shiftcode:S(0,17)
346    LCSYM  0      0      f01122a8 1459   crt_pos:S(0,10)
347    LCSYM  0      0      f01122ac 1475   crt_buf:S(0,18)=*(0,10)
348    LCSYM  0      0      f01122b0 1499   addr_6845:S(0,8)
349    LCSYM  0      0      f01122b4 1516   serial_exists:S(0,19)=(0,20)=eFalse:0,True:1,;
350    LSYM   0      0      00000000 1563   bool:t(0,19)
351    LSYM   0      0      00000000 1576   _Bool:t(0,20)
352    SO     0      0      f0100790 0      
353    SO     0      2      f0100798 1590   kern/monitor.c
354    OPT    0      0      00000000 49     gcc2_compiled.
355    FUN    0      0      f0100798 1605   mon_help:F(0,1)=r(0,1);-2147483648;2147483647;
356    LSYM   0      0      00000000 639    int:t(0,1)
357    PSYM   0      0      00000008 1652   argc:p(0,1)
358    PSYM   0      0      0000000c 1664   argv:p(0,2)=*(0,3)=*(0,4)=r(0,4);0;127;
359    PSYM   0      0      00000010 1704   tf:p(0,5)=*(0,6)=xsTrapframe:
360    LSYM   0      0      00000000 1734   char:t(0,4)
361    SLINE  0      33     00000000 0      
362    SLINE  0      37     00000010 0      
363    SLINE  0      39     00000044 0      
364    FUN    0      0      f01007e8 1746   mon_kerninfo:F(0,1)
365    LSYM   0      0      00000000 1766   unsigned int:t(0,7)=r(0,7);0;4294967295;
366    LSYM   0      0      00000000 1807   uint32_t:t(0,8)=(0,7)
367    PSYM   0      0      00000008 1652   argc:p(0,1)
368    PSYM   0      0      0000000c 1829   argv:p(0,2)
369    PSYM   0      0      00000010 1841   tf:p(0,5)
370    SLINE  0      43     00000000 0      
371    SLINE  0      46     00000014 0      
372    SLINE  0      47     00000020 0      
373    SLINE  0      48     00000035 0      
374    SLINE  0      49     00000052 0      
375    SLINE  0      50     0000006f 0      
376    SLINE  0      51     0000008c 0      
377    SLINE  0      52     000000a9 0      
378    SLINE  0      53     000000ac 0      
379    SLINE  0      52     000000b4 0      
380    SLINE  0      55     000000c4 0      
381    FUN    0      0      f01008b9 1851   mon_backtrace:F(0,1)
382    PSYM   0      0      00000008 1652   argc:p(0,1)
383    PSYM   0      0      0000000c 1829   argv:p(0,2)
384    PSYM   0      0      00000010 1841   tf:p(0,5)
385    SLINE  0      59     00000000 0      
386    SOL    0      0      f01008cd 650    ./inc/x86.h
387    SLINE  0      214    00000014 0      
388    SOL    0      0      f01008cf 1590   kern/monitor.c
389    SLINE  0      65     00000016 0      
390    SLINE  0      64     0000001c 0      
391    SLINE  0      65     0000001e 0      
392    SLINE  0      66     00000037 0      
393    SLINE  0      66     00000039 0      
394    SLINE  0      64     0000003c 0      
395    SLINE  0      69     00000040 0      
396    RSYM   0      0      00000006 1872   ebp:r(0,9)=*(0,8)
397    LBRAC  0      0      00000000 0      
398    RBRAC  0      0      0000004d 0      
399    FUN    0      0      f0100906 1890   monitor:F(0,10)=(0,10)
400    LSYM   0      0      00000000 1913   void:t(0,10)
401    PSYM   0      0      00000008 1841   tf:p(0,5)
402    SLINE  0      119    00000000 0      
403    SLINE  0      122    00000014 0      
404    SLINE  0      123    00000020 0      
405    SLINE  0      90     00000031 0      
406    SLINE  0      90     00000046 0      
407    SLINE  0      91     0000004d 0      
408    SLINE  0      91     00000050 0      
409    SLINE  0      92     00000055 0      
410    SLINE  0      96     0000005a 0      
411    SLINE  0      100    00000060 0      
412    SLINE  0      100    00000069 0      
413    SLINE  0      101    0000006d 0      
414    SLINE  0      97     0000006f 0      
415    SLINE  0      98     00000080 0      
416    SLINE  0      127    00000083 0      
417    SLINE  0      128    00000099 0      
418    SLINE  0      87     000000a0 0      
419    SLINE  0      86     000000a7 0      
420    SLINE  0      102    000000b0 0      
421    SLINE  0      101    000000b3 0      
422    SLINE  0      101    000000b6 0      
423    SLINE  0      101    000000ba 0      
424    SLINE  0      101    000000c7 0      
425    SLINE  0      90     000000ce 0      
426    SLINE  0      90     000000d1 0      
427    SLINE  0      104    000000d9 0      
428    SLINE  0      107    000000e4 0      
429    SLINE  0      110    000000e8 0      
430    SLINE  0      110    000000fa 0      
431    SLINE  0      110    00000101 0      
432    SLINE  0      110    00000113 0      
433    SLINE  0      113    0000011a 0      
434    SLINE  0      114    0000012c 0      
435    SLINE  0      109    00000134 0      
436    SLINE  0      111    00000139 0      
437    SLINE  0      111    0000013c 0      
438    SLINE  0      111    0000013f 0      
439    SLINE  0      129    00000150 0      
440    SLINE  0      132    0000015b 0      
441    RSYM   0      0      00000006 1926   buf:r(0,3)
442    LBRAC  0      0      00000000 0      
443    LSYM   0      0      ffffffb8 1937   argv:(0,11)=ar(0,12)=r(0,12);0;4294967295;;0;15;(0,3)
444    RSYM   0      0      00000000 923    i:r(0,1)
445    LBRAC  0      0      00000031 0      
446    RBRAC  0      0      00000083 0      
447    LSYM   0      0      ffffffb8 1991   argv:(0,11)
448    RSYM   0      0      00000000 923    i:r(0,1)
449    LBRAC  0      0      000000a0 0      
450    RBRAC  0      0      00000150 0      
451    RBRAC  0      0      00000163 0      
452    STSYM  0      0      f0112010 2003   commands:S(0,13)=ar(0,12);0;1;(0,14)=xsCommand:
453    LSYM   0      0      00000000 2051   Command:T(0,14)=s12name:(0,15)=*(0,4),0,32;desc:(0,15),32,32;func:(0,16)=*(0,17)=f(0,1),64,32;;
454    SO     0      0      f0100a69 0      
455    SO     0      2      f0100a69 2147   kern/printf.c
456    OPT    0      0      00000000 49     gcc2_compiled.
457    FUN    0      0      f0100a69 2161   putch:f(0,1)=(0,1)
458    LSYM   0      0      00000000 308    void:t(0,1)
459    PSYM   0      0      00000008 2180   ch:p(0,2)=r(0,2);-2147483648;2147483647;
460    PSYM   0      0      0000000c 2221   cnt:p(0,3)=*(0,2)
461    LSYM   0      0      00000000 360    int:t(0,2)
462    SLINE  0      11     00000000 0      
463    SLINE  0      12     00000012 0      
464    SLINE  0      14     0000001a 0      
465    FUN    0      0      f0100a8b 2239   vcprintf:F(0,2)
466    PSYM   0      0      00000008 2255   fmt:p(0,4)=*(0,5)=r(0,5);0;127;
467    PSYM   0      0      0000000c 2287   ap:p(0,6)=(0,7)=*(0,5)
468    LSYM   0      0      00000000 516    char:t(0,5)
469    LSYM   0      0      00000000 2310   va_list:t(0,6)
470    SLINE  0      18     00000000 0      
471    SLINE  0      19     00000012 0      
472    SLINE  0      21     00000019 0      
473    SLINE  0      23     0000002f 0      
474    LSYM   0      0      fffffff4 2325   cnt:(0,2)
475    LBRAC  0      0      00000000 0      
476    RBRAC  0      0      00000037 0      
477    FUN    0      0      f0100ac2 2335   cprintf:F(0,2)
478    PSYM   0      0      00000008 505    fmt:p(0,4)
479    SLINE  0      34     00000000 0      
480    SLINE  0      38     00000006 0      
481    SLINE  0      39     00000009 0      
482    SLINE  0      43     00000012 0      
483    RSYM   0      0      00000000 2350   cnt:r(0,2)
484    LBRAC  0      0      00000000 0      
485    RBRAC  0      0      00000014 0      
486    SO     0      0      f0100ad6 0      
487    SO     0      2      f0100ad6 2361   kern/kdebug.c
488    OPT    0      0      00000000 49     gcc2_compiled.
489    FUN    0      0      f0100ad6 2375   stab_binsearch:f(0,1)=(0,1)
490    LSYM   0      0      00000000 308    void:t(0,1)
491    RSYM   0      0      00000000 2403   stabs:P(0,2)=*(0,3)=xsStab:
492    RSYM   0      0      00000002 2431   region_left:P(0,4)=*(0,5)=r(0,5);-2147483648;2147483647;
493    RSYM   0      0      00000001 2488   region_right:P(0,4)
494    PSYM   0      0      00000008 2508   type:p(0,5)
495    PSYM   0      0      0000000c 2520   addr:p(0,6)=(0,7)=(0,8)=r(0,8);0;4294967295;
496    LSYM   0      0      00000000 2565   Stab:T(0,3)=s12n_strx:(0,7),0,32;n_type:(0,9)=(0,10)=r(0,10);0;255;,32,8;n_other:(0,9),40,8;n_desc:(0,11)=(0,12)=r(0,12);0;65535;,48,16;n_value:(0,6),64,32;;
497    LSYM   0      0      00000000 2723   int:t(0,5)
498    LSYM   0      0      00000000 2734   uintptr_t:t(0,6)
499    LSYM   0      0      00000000 861    uint32_t:t(0,7)
500    LSYM   0      0      00000000 877    unsigned int:t(0,8)
501    LSYM   0      0      00000000 2751   uint8_t:t(0,9)
502    LSYM   0      0      00000000 2766   unsigned char:t(0,10)
503    LSYM   0      0      00000000 2788   uint16_t:t(0,11)
504    LSYM   0      0      00000000 2805   short unsigned int:t(0,12)
505    SLINE  0      53     00000000 0      
506    SLINE  0      54     00000015 0      
507    SLINE  0      54     00000017 0      
508    SLINE  0      54     0000001c 0      
509    SLINE  0      56     00000023 0      
510    SLINE  0      61     00000025 0      
511    SLINE  0      60     00000028 0      
512    SLINE  0      60     0000002c 0      
513    SLINE  0      60     0000002f 0      
514    SLINE  0      69     00000036 0      
515    SLINE  0      69     00000040 0      
516    SLINE  0      70     00000045 0      
517    SLINE  0      71     0000004a 0      
518    SLINE  0      68     0000004d 0      
519    SLINE  0      56     00000054 0      
520    SLINE  0      57     00000059 0      
521    SLINE  0      57     0000005f 0      
522    SLINE  0      57     00000076 0      
523    SLINE  0      60     00000078 0      
524    SLINE  0      63     0000007a 0      
525    SLINE  0      64     0000007d 0      
526    SLINE  0      72     0000007f 0      
527    SLINE  0      73     00000084 0      
528    SLINE  0      73     0000008a 0      
529    SLINE  0      68     0000008f 0      
530    SLINE  0      78     00000098 0      
531    SLINE  0      80     0000009d 0      
532    SLINE  0      68     000000a3 0      
533    SLINE  0      84     000000ac 0      
534    SLINE  0      85     000000b2 0      
535    SLINE  0      85     000000ba 0      
536    SLINE  0      94     000000bf 0      
537    SLINE  0      88     000000c7 0      
538    SLINE  0      89     000000cc 0      
539    SLINE  0      89     000000db 0      
540    SLINE  0      89     000000df 0      
541    SLINE  0      89     000000e2 0      
542    SLINE  0      90     000000e9 0      
543    SLINE  0      92     000000ee 0      
544    SLINE  0      94     000000f3 0      
545    RSYM   0      0      00000006 2832   type:r(0,5)
546    RSYM   0      0      00000000 2844   m:r(0,5)
547    LBRAC  0      0      00000025 0      
548    RBRAC  0      0      00000054 0      
549    RSYM   0      0      00000000 2844   m:r(0,5)
550    LBRAC  0      0      00000059 0      
551    RBRAC  0      0      000000ac 0      
552    FUN    0      0      f0100bcb 2853   debuginfo_eip:F(0,5)
553    PSYM   0      0      00000008 2874   addr:p(0,6)
554    PSYM   0      0      0000000c 2886   info:p(0,13)=*(0,14)=xsEipdebuginfo:
555    LSYM   0      0      00000000 2923   Eipdebuginfo:T(0,14)=s24eip_file:(0,15)=*(0,16)=r(0,16);0;127;,0,32;eip_line:(0,5),32,32;eip_fn_name:(0,15),64,32;eip_fn_namelen:(0,5),96,32;eip_fn_addr:(0,6),128,32;eip_fn_narg:(0,5),160,32;;
556    LSYM   0      0      00000000 3116   char:t(0,16)
557    SLINE  0      106    00000000 0      
558    SLINE  0      112    0000001a 0      
559    SLINE  0      113    00000022 0      
560    SLINE  0      114    00000029 0      
561    SLINE  0      115    0000002c 0      
562    SLINE  0      116    00000033 0      
563    SLINE  0      117    00000036 0      
564    SLINE  0      120    0000003d 0      
565    SLINE  0      131    00000049 0      
566    SLINE  0      131    0000005b 0      
567    SLINE  0      131    00000061 0      
568    SLINE  0      140    0000006b 0      
569    SLINE  0      141    00000072 0      
570    SLINE  0      141    00000089 0      
571    SLINE  0      142    0000008f 0      
572    SLINE  0      143    000000a0 0      
573    SLINE  0      143    000000a6 0      
574    SLINE  0      148    000000b1 0      
575    SLINE  0      149    000000b4 0      
576    SLINE  0      150    000000ba 0      
577    SLINE  0      152    000000d1 0      
578    SLINE  0      152    000000dd 0      
579    SLINE  0      166    000000e0 0      
580    SLINE  0      152    000000e3 0      
581    SLINE  0      155    000000e7 0      
582    SLINE  0      155    000000f3 0      
583    SLINE  0      155    000000f5 0      
584    SLINE  0      155    00000101 0      
585    SLINE  0      156    00000105 0      
586    SLINE  0      157    0000010e 0      
587    SLINE  0      157    00000111 0      
588    SLINE  0      160    00000114 0      
589    SLINE  0      170    00000117 0      
590    SLINE  0      170    00000124 0      
591    SLINE  0      170    00000127 0      
592    SLINE  0      189    00000137 0      
593    SLINE  0      127    00000142 0      
594    SLINE  0      192    0000015a 0      
595    SLINE  0      191    00000160 0      
596    SLINE  0      190    00000164 0      
597    SLINE  0      190    00000167 0      
598    SLINE  0      191    0000016c 0      
599    SLINE  0      191    00000171 0      
600    SLINE  0      193    00000177 0      
601    SLINE  0      193    00000186 0      
602    SLINE  0      193    00000192 0      
603    SLINE  0      194    00000196 0      
604    SLINE  0      205    000001a3 0      
605    SLINE  0      199    000001a8 0      
606    SLINE  0      200    000001b2 0      
607    SLINE  0      200    000001c5 0      
608    SLINE  0      203    000001c7 0      
609    SLINE  0      202    000001cb 0      
610    SLINE  0      201    000001ce 0      
611    SLINE  0      201    000001d2 0      
612    SLINE  0      205    000001db 0      
613    SLINE  0      132    000001e2 0      
614    SLINE  0      144    000001f0 0      
615    SLINE  0      205    000001f7 0      
616    SLINE  0      206    000001fc 0      
617    LSYM   0      0      fffffff4 3129   lfile:(0,5)
618    LSYM   0      0      fffffff0 3141   rfile:(0,5)
619    LSYM   0      0      ffffffec 3153   lfun:(0,5)
620    LSYM   0      0      ffffffe8 3164   rfun:(0,5)
621    RSYM   0      0      00000006 3175   addr:r(0,6)
622    RSYM   0      0      00000007 3187   info:r(0,13)
623    LBRAC  0      0      00000000 0      
624    RBRAC  0      0      00000204 0      
625    SO     0      0      f0100dcf 0      
626    SO     0      2      f0100dcf 3200   lib/printfmt.c
627    OPT    0      0      00000000 49     gcc2_compiled.
628    FUN    0      0      f0100dcf 3215   printnum:f(0,1)=(0,1)
629    LSYM   0      0      00000000 308    void:t(0,1)
630    RSYM   0      0      00000007 3237   putch:P(0,2)=*(0,3)=f(0,1)
631    RSYM   0      0      00000006 3264   putdat:P(0,4)=*(0,1)
632    PSYM   0      0      00000008 3285   num:p(0,5)=r(0,5);0;-1;
633    PSYM   0      0      00000010 3309   base:p(0,6)=r(0,6);0;4294967295;
634    PSYM   0      0      00000014 3342   width:p(0,7)=r(0,7);-2147483648;2147483647;
635    PSYM   0      0      00000018 3386   padc:p(0,7)
636    LSYM   0      0      00000000 3398   long long unsigned int:t(0,5)
637    LSYM   0      0      00000000 3428   unsigned int:t(0,6)
638    LSYM   0      0      00000000 3448   int:t(0,7)
639    SLINE  0      49     00000000 0      
640    SLINE  0      51     00000031 0      
641    SLINE  0      51     0000003b 0      
642    SLINE  0      52     00000042 0      
643    SLINE  0      56     00000077 0      
644    SLINE  0      55     00000083 0      
645    SLINE  0      60     0000008a 0      
646    SLINE  0      60     0000008e 0      
647    SLINE  0      60     000000a8 0      
648    SLINE  0      61     000000b3 0      
649    RSYM   0      0      00000000 3459   base:r(0,6)
650    RSYM   0      0      00000003 3471   width:r(0,7)
651    FUN    0      0      f0100e8d 3484   sprintputch:f(0,1)
652    PSYM   0      0      00000008 3503   ch:p(0,7)
653    PSYM   0      0      0000000c 3513   b:p(0,8)=*(0,9)=xssprintbuf:
654    LSYM   0      0      00000000 3542   sprintbuf:T(0,9)=s12buf:(0,10)=*(0,11)=r(0,11);0;127;,0,32;ebuf:(0,10),32,32;cnt:(0,7),64,32;;
655    LSYM   0      0      00000000 3637   char:t(0,11)
656    SLINE  0      288    00000000 0      
657    SLINE  0      289    00000006 0      
658    SLINE  0      290    0000000a 0      
659    SLINE  0      290    0000000c 0      
660    SLINE  0      291    00000011 0      
661    SLINE  0      291    00000016 0      
662    SLINE  0      292    0000001b 0      
663    RSYM   0      0      00000000 3650   ch:r(0,7)
664    RSYM   0      0      00000000 3660   b:r(0,8)
665    FUN    0      0      f0100eaa 3669   printfmt:F(0,1)
666    PSYM   0      0      00000008 3685   putch:p(0,2)
667    PSYM   0      0      0000000c 3698   putdat:p(0,4)
668    PSYM   0      0      00000010 3712   fmt:p(0,12)=*(0,11)
669    SLINE  0      272    00000000 0      
670    SLINE  0      275    00000006 0      
671    SLINE  0      276    00000009 0      
672    SLINE  0      278    00000018 0      
673    FUN    0      0      f0100ec7 3732   vprintfmt:F(0,1)
674    LSYM   0      0      00000000 3749   long long int:t(0,13)=r(0,13);-9223372036854775808;9223372036854775807;
675    LSYM   0      0      00000000 3821   unsigned char:t(0,14)=r(0,14);0;255;
676    LSYM   0      0      00000000 3858   uintptr_t:t(0,15)=(0,16)=(0,6)
677    LSYM   0      0      00000000 3889    :T(0,17)=eE_UNSPECIFIED:1,E_BAD_ENV:2,E_INVAL:3,E_NO_MEM:4,E_NO_FREE_ENV:5,E_FAULT:6,MAXERROR:7,;
678    LSYM   0      0      00000000 3988   uint32_t:t(0,16)
679    PSYM   0      0      00000008 3685   putch:p(0,2)
680    PSYM   0      0      0000000c 3698   putdat:p(0,4)
681    PSYM   0      0      00000010 4005   fmt:p(0,12)
682    PSYM   0      0      00000014 4017   ap:p(0,18)=(0,10)
683    LSYM   0      0      00000000 4035   va_list:t(0,18)
684    SLINE  0      96     00000000 0      
685    SLINE  0      183    0000001f 0      
686    SLINE  0      110    0000002a 0      
687    SLINE  0      107    00000034 0      
688    SLINE  0      107    00000037 0      
689    SLINE  0      107    0000003b 0      
690    SLINE  0      108    00000040 0      
691    SLINE  0      258    00000044 0      
692    SLINE  0      114    0000004c 0      
693    SLINE  0      118    00000050 0      
694    SLINE  0      116    00000057 0      
695    SLINE  0      115    0000005e 0      
696    SLINE  0      117    00000065 0      
697    SLINE  0      120    00000070 0      
698    SLINE  0      120    00000076 0      
699    SLINE  0      120    00000079 0      
700    SLINE  0      120    00000095 0      
701    SLINE  0      124    00000098 0      
702    SLINE  0      120    0000009e 0      
703    SLINE  0      120    000000a7 0      
704    SLINE  0      120    000000aa 0      
705    SLINE  0      142    000000ad 0      
706    SLINE  0      143    000000b5 0      
707    SLINE  0      143    000000b8 0      
708    SLINE  0      144    000000bc 0      
709    SLINE  0      145    000000bf 0      
710    SLINE  0      145    000000c2 0      
711    SLINE  0      142    000000c7 0      
712    SLINE  0      143    000000ca 0      
713    SLINE  0      151    000000cc 0      
714    SLINE  0      120    000000dd 0      
715    SLINE  0      164    000000e0 0      
716    SLINE  0      165    000000e6 0      
717    SLINE  0      165    000000ec 0      
718    SLINE  0      120    00000108 0      
719    SLINE  0      157    0000010b 0      
720    SLINE  0      120    00000110 0      
721    SLINE  0      160    00000113 0      
722    SLINE  0      161    0000011a 0      
723    SLINE  0      170    00000127 0      
724    SLINE  0      120    0000012b 0      
725    SLINE  0      171    0000012e 0      
726    SLINE  0      175    00000133 0      
727    SLINE  0      176    00000144 0      
728    SLINE  0      175    00000147 0      
729    SLINE  0      176    0000014a 0      
730    SLINE  0      180    0000014f 0      
731    SLINE  0      183    00000161 0      
732    SLINE  0      183    00000166 0      
733    SLINE  0      183    0000016c 0      
734    SLINE  0      186    00000170 0      
735    SLINE  0      180    00000185 0      
736    SLINE  0      184    0000018d 0      
737    SLINE  0      180    000001a2 0      
738    SLINE  0      184    000001a5 0      
739    SLINE  0      191    000001aa 0      
740    SLINE  0      192    000001bb 0      
741    SLINE  0      193    000001cc 0      
742    SLINE  0      194    000001d8 0      
743    SLINE  0      194    000001e5 0      
744    SLINE  0      194    000001f6 0      
745    SLINE  0      194    000001fe 0      
746    SLINE  0      194    00000201 0      
747    SLINE  0      195    00000203 0      
748    SLINE  0      194    0000020a 0      
749    SLINE  0      195    0000020c 0      
750    SLINE  0      194    00000215 0      
751    SLINE  0      194    0000021b 0      
752    SLINE  0      200    00000233 0      
753    SLINE  0      196    00000242 0      
754    SLINE  0      196    00000245 0      
755    SLINE  0      196    00000249 0      
756    SLINE  0      196    0000024c 0      
757    SLINE  0      196    00000250 0      
758    SLINE  0      196    00000256 0      
759    SLINE  0      197    0000025c 0      
760    SLINE  0      197    00000262 0      
761    SLINE  0      197    00000268 0      
762    SLINE  0      198    0000026d 0      
763    SLINE  0      202    0000027e 0      
764    SLINE  0      201    00000286 0      
765    SLINE  0      201    0000028c 0      
766    SLINE  0      191    00000290 0      
767    SLINE  0      82     0000029f 0      
768    SLINE  0      84     000002aa 0      
769    SLINE  0      85     000002ae 0      
770    SLINE  0      83     000002c5 0      
771    SLINE  0      208    000002dc 0      
772    SLINE  0      212    000002e2 0      
773    SLINE  0      208    000002e7 0      
774    SLINE  0      209    000002ef 0      
775    SLINE  0      210    000002f7 0      
776    SLINE  0      210    00000304 0      
777    SLINE  0      212    00000307 0      
778    SLINE  0      87     00000311 0      
779    SLINE  0      69     00000328 0      
780    SLINE  0      71     00000333 0      
781    SLINE  0      72     00000337 0      
782    SLINE  0      218    00000347 0      
783    SLINE  0      72     0000034c 0      
784    SLINE  0      70     00000351 0      
785    SLINE  0      218    0000035f 0      
786    SLINE  0      70     00000364 0      
787    SLINE  0      74     00000369 0      
788    SLINE  0      218    00000379 0      
789    SLINE  0      74     0000037e 0      
790    SLINE  0      69     00000380 0      
791    SLINE  0      71     0000038b 0      
792    SLINE  0      72     0000038f 0      
793    SLINE  0      225    0000039f 0      
794    SLINE  0      72     000003a4 0      
795    SLINE  0      70     000003a6 0      
796    SLINE  0      225    000003b4 0      
797    SLINE  0      70     000003b9 0      
798    SLINE  0      74     000003bb 0      
799    SLINE  0      225    000003cb 0      
800    SLINE  0      74     000003d0 0      
801    SLINE  0      230    000003d2 0      
802    SLINE  0      231    000003dd 0      
803    SLINE  0      232    000003e5 0      
804    SLINE  0      235    000003ef 0      
805    SLINE  0      233    000003f2 0      
806    SLINE  0      234    000003f8 0      
807    SLINE  0      242    000003fd 0      
808    SLINE  0      243    00000414 0      
809    SLINE  0      180    00000417 0      
810    SLINE  0      107    0000041a 0      
811    SLINE  0      69     0000041f 0      
812    SLINE  0      71     0000042a 0      
813    SLINE  0      72     0000042e 0      
814    SLINE  0      240    0000043e 0      
815    SLINE  0      72     00000443 0      
816    SLINE  0      70     00000445 0      
817    SLINE  0      240    00000453 0      
818    SLINE  0      70     00000458 0      
819    SLINE  0      74     0000045a 0      
820    SLINE  0      240    0000046a 0      
821    SLINE  0      74     0000046f 0      
822    SLINE  0      247    00000471 0      
823    SLINE  0      248    0000047c 0      
824    SLINE  0      252    00000481 0      
825    SLINE  0      253    0000048c 0      
826    SLINE  0      253    00000491 0      
827    SLINE  0      253    00000497 0      
828    RSYM   0      0      00000001 4051   num:r(0,5)
829    RSYM   0      0      00000002 4062   base:r(0,7)
830    RSYM   0      0      00000001 4074   lflag:r(0,7)
831    RSYM   0      0      00000006 4087   putch:r(0,2)
832    RSYM   0      0      00000007 4100   putdat:r(0,4)
833    RSYM   0      0      00000003 4114   fmt:r(0,12)
834    LBRAC  0      0      00000000 0      
835    RBRAC  0      0      000004a4 0      
836    FUN    0      0      f010136b 4126   vsnprintf:F(0,7)
837    PSYM   0      0      00000008 4143   buf:p(0,10)
838    PSYM   0      0      0000000c 4155   n:p(0,7)
839    PSYM   0      0      00000010 4005   fmt:p(0,12)
840    PSYM   0      0      00000014 4164   ap:p(0,18)
841    SLINE  0      296    00000000 0      
842    SLINE  0      297    00000018 0      
843    SLINE  0      297    0000001b 0      
844    SLINE  0      297    00000022 0      
845    SLINE  0      299    00000029 0      
846    SLINE  0      303    00000031 0      
847    SLINE  0      306    00000047 0      
848    SLINE  0      306    0000004a 0      
849    SLINE  0      308    0000004d 0      
850    SLINE  0      309    00000053 0      
851    SLINE  0      300    00000058 0      
852    LSYM   0      0      ffffffec 4175   b:(0,9)
853    RSYM   0      0      00000000 4183   buf:r(0,10)
854    RSYM   0      0      00000002 4195   n:r(0,7)
855    LBRAC  0      0      00000000 0      
856    RBRAC  0      0      0000005f 0      
857    FUN    0      0      f01013ca 4204   snprintf:F(0,7)
858    PSYM   0      0      00000008 4143   buf:p(0,10)
859    PSYM   0      0      0000000c 4155   n:p(0,7)
860    PSYM   0      0      00000010 4005   fmt:p(0,12)
861    SLINE  0      313    00000000 0      
862    SLINE  0      317    00000006 0      
863    SLINE  0      318    00000009 0      
864    SLINE  0      322    00000018 0      
865    RSYM   0      0      00000000 4220   rc:r(0,7)
866    LBRAC  0      0      00000000 0      
867    RBRAC  0      0      0000001a 0      
868    STSYM  0      0      f0112028 4230   error_string:S(0,19)=ar(0,20)=r(0,20);0;4294967295;;0;6;(0,12)
869    SO     0      0      f01013e4 0      
870    SO     0      2      f01013e8 4293   lib/readline.c
871    OPT    0      0      00000000 49     gcc2_compiled.
872    FUN    0      0      f01013e8 4308   readline:F(0,1)=*(0,2)=r(0,2);0;127;
873    LSYM   0      0      00000000 4345   void:t(0,3)=(0,3)
874    LSYM   0      0      00000000 4363   char:t(0,2)
875    PSYM   0      0      00000008 4375   prompt:p(0,4)=*(0,2)
876    SLINE  0      9      00000000 0      
877    SLINE  0      12     00000017 0      
878    SLINE  0      13     0000001b 0      
879    SLINE  0      16     0000002e 0      
880    SLINE  0      15     0000003e 0      
881    SLINE  0      29     00000043 0      
882    SLINE  0      20     0000004e 0      
883    SLINE  0      21     0000005e 0      
884    SLINE  0      37     00000066 0      
885    SLINE  0      23     0000006e 0      
886    SLINE  0      25     00000074 0      
887    SLINE  0      24     00000079 0      
888    SLINE  0      29     00000088 0      
889    SLINE  0      29     00000090 0      
890    SLINE  0      18     00000093 0      
891    SLINE  0      19     0000009a 0      
892    SLINE  0      22     0000009e 0      
893    SLINE  0      22     000000a4 0      
894    SLINE  0      22     000000aa 0      
895    SLINE  0      26     000000b2 0      
896    SLINE  0      27     000000bf 0      
897    SLINE  0      28     000000c5 0      
898    SLINE  0      30     000000d3 0      
899    SLINE  0      31     000000dd 0      
900    SLINE  0      33     000000e3 0      
901    SLINE  0      34     000000eb 0      
902    SLINE  0      32     000000f6 0      
903    RSYM   0      0      00000006 4396   c:r(0,5)=r(0,5);-2147483648;2147483647;
904    LSYM   0      0      00000000 2723   int:t(0,5)
905    RSYM   0      0      00000000 4436   prompt:r(0,4)
906    LBRAC  0      0      00000000 0      
907    RBRAC  0      0      00000105 0      
908    LCSYM  0      0      f01122c0 4450   buf:S(0,6)=ar(0,7)=r(0,7);0;4294967295;;0;1023;(0,2)
909    SO     0      0      f01014ed 0      
910    SO     0      2      f01014ed 4503   lib/string.c
911    OPT    0      0      00000000 49     gcc2_compiled.
912    FUN    0      0      f01014ed 4516   strlen:F(0,1)=r(0,1);-2147483648;2147483647;
913    LSYM   0      0      00000000 639    int:t(0,1)
914    PSYM   0      0      00000008 4561   s:p(0,2)=*(0,3)=r(0,3);0;127;
915    LSYM   0      0      00000000 4591   char:t(0,3)
916    SLINE  0      13     00000000 0      
917    SLINE  0      16     00000006 0      
918    SLINE  0      16     0000000b 0      
919    SLINE  0      17     0000000d 0      
920    SLINE  0      16     00000010 0      
921    SLINE  0      19     00000016 0      
922    RSYM   0      0      00000000 4603   n:r(0,1)
923    RSYM   0      0      00000002 4612   s:r(0,2)
924    LBRAC  0      0      00000000 0      
925    RBRAC  0      0      00000018 0      
926    FUN    0      0      f0101505 4621   strnlen:F(0,1)
927    PSYM   0      0      00000008 4636   s:p(0,2)
928    PSYM   0      0      0000000c 4645   size:p(0,4)=(0,5)=(0,6)=r(0,6);0;4294967295;
929    LSYM   0      0      00000000 4690   size_t:t(0,4)
930    LSYM   0      0      00000000 4704   uint32_t:t(0,5)
931    LSYM   0      0      00000000 3428   unsigned int:t(0,6)
932    SLINE  0      23     00000000 0      
933    SLINE  0      26     00000009 0      
934    SLINE  0      26     0000000e 0      
935    SLINE  0      27     00000010 0      
936    SLINE  0      26     00000013 0      
937    SLINE  0      26     00000017 0      
938    SLINE  0      29     0000001f 0      
939    RSYM   0      0      00000001 4612   s:r(0,2)
940    FUN    0      0      f0101528 4720   strcpy:F(0,7)=*(0,3)
941    PSYM   0      0      00000008 4741   dst:p(0,7)
942    PSYM   0      0      0000000c 4752   src:p(0,2)
943    SLINE  0      33     00000000 0      
944    SLINE  0      37     0000000a 0      
945    SLINE  0      37     0000000f 0      
946    SLINE  0      37     00000013 0      
947    SLINE  0      37     00000016 0      
948    SLINE  0      40     0000001d 0      
949    RSYM   0      0      00000001 4763   dst:r(0,7)
950    RSYM   0      0      00000003 4774   src:r(0,2)
951    FUN    0      0      f010154c 4785   strcat:F(0,7)
952    PSYM   0      0      00000008 4741   dst:p(0,7)
953    PSYM   0      0      0000000c 4752   src:p(0,2)
954    SLINE  0      44     00000000 0      
955    SLINE  0      45     0000000a 0      
956    SLINE  0      46     00000013 0      
957    SLINE  0      48     0000001e 0      
958    RSYM   0      0      00000003 4763   dst:r(0,7)
959    FUN    0      0      f0101571 4799   strncpy:F(0,7)
960    PSYM   0      0      00000008 4741   dst:p(0,7)
961    PSYM   0      0      0000000c 4752   src:p(0,2)
962    PSYM   0      0      00000010 4814   size:p(0,4)
963    SLINE  0      51     00000000 0      
964    SLINE  0      56     00000010 0      
965    SLINE  0      57     00000014 0      
966    SLINE  0      57     00000017 0      
967    SLINE  0      57     0000001a 0      
968    SLINE  0      60     0000001d 0      
969    SLINE  0      56     00000023 0      
970    SLINE  0      63     00000027 0      
971    RSYM   0      0      00000006 4763   dst:r(0,7)
972    RSYM   0      0      00000002 4774   src:r(0,2)
973    FUN    0      0      f010159e 4826   strlcpy:F(0,4)
974    PSYM   0      0      00000008 4741   dst:p(0,7)
975    PSYM   0      0      0000000c 4752   src:p(0,2)
976    PSYM   0      0      00000010 4814   size:p(0,4)
977    SLINE  0      67     00000000 0      
978    SLINE  0      71     00000010 0      
979    SLINE  0      73     0000001c 0      
980    SLINE  0      73     0000001f 0      
981    SLINE  0      73     00000022 0      
982    SLINE  0      72     00000025 0      
983    SLINE  0      72     00000029 0      
984    SLINE  0      72     0000002c 0      
985    SLINE  0      74     00000032 0      
986    SLINE  0      76     00000035 0      
987    SLINE  0      77     00000037 0      
988    RSYM   0      0      00000006 4763   dst:r(0,7)
989    RSYM   0      0      00000001 4774   src:r(0,2)
990    RSYM   0      0      00000002 4841   size:r(0,4)
991    FUN    0      0      f01015d9 4853   strcmp:F(0,1)
992    LSYM   0      0      00000000 4867   unsigned char:t(0,8)=r(0,8);0;255;
993    PSYM   0      0      00000008 4902   p:p(0,2)
994    PSYM   0      0      0000000c 4911   q:p(0,2)
995    SLINE  0      81     00000000 0      
996    SLINE  0      82     00000009 0      
997    SLINE  0      83     0000000b 0      
998    SLINE  0      83     0000000e 0      
999    SLINE  0      82     00000011 0      
1000   SLINE  0      82     00000014 0      
1001   SLINE  0      82     00000018 0      
1002   SLINE  0      84     0000001c 0      
1003   SLINE  0      84     0000001f 0      
1004   SLINE  0      84     00000022 0      
1005   SLINE  0      85     00000024 0      
1006   RSYM   0      0      00000001 4920   p:r(0,2)
1007   RSYM   0      0      00000002 4929   q:r(0,2)
1008   FUN    0      0      f01015ff 4938   strncmp:F(0,1)
1009   PSYM   0      0      00000008 4902   p:p(0,2)
1010   PSYM   0      0      0000000c 4911   q:p(0,2)
1011   PSYM   0      0      00000010 4953   n:p(0,4)
1012   SLINE  0      89     00000000 0      
1013   SLINE  0      90     0000000f 0      
1014   SLINE  0      91     00000011 0      
1015   SLINE  0      91     00000014 0      
1016   SLINE  0      90     00000017 0      
1017   SLINE  0      90     0000001b 0      
1018   SLINE  0      90     0000001e 0      
1019   SLINE  0      90     00000022 0      
1020   SLINE  0      95     00000026 0      
1021   SLINE  0      95     00000029 0      
1022   SLINE  0      95     0000002c 0      
1023   SLINE  0      96     0000002e 0      
1024   SLINE  0      93     00000033 0      
1025   RSYM   0      0      00000000 4920   p:r(0,2)
1026   RSYM   0      0      00000002 4929   q:r(0,2)
1027   FUN    0      0      f0101639 4962   strchr:F(0,7)
1028   PSYM   0      0      00000008 4636   s:p(0,2)
1029   PSYM   0      0      0000000c 1125   c:p(0,1)
1030   SLINE  0      102    00000000 0      
1031   SLINE  0      103    0000000a 0      
1032   SLINE  0      103    0000000c 0      
1033   SLINE  0      103    0000000f 0      
1034   SLINE  0      104    00000016 0      
1035   SLINE  0      106    0000001c 0      
1036   SLINE  0      107    00000021 0      
1037   RSYM   0      0      00000000 4612   s:r(0,2)
1038   RSYM   0      0      00000001 4976   c:r(0,3)
1039   FUN    0      0      f010165c 4985   strfind:F(0,7)
1040   PSYM   0      0      00000008 4636   s:p(0,2)
1041   PSYM   0      0      0000000c 1125   c:p(0,1)
1042   SLINE  0      113    00000000 0      
1043   SLINE  0      114    0000000a 0      
1044   SLINE  0      115    0000000d 0      
1045   SLINE  0      114    00000015 0      
1046   SLINE  0      118    0000001a 0      
1047   RSYM   0      0      00000000 4612   s:r(0,2)
1048   RSYM   0      0      00000001 4976   c:r(0,3)
1049   FUN    0      0      f0101678 5000   memset:F(0,9)=*(0,10)=(0,10)
1050   LSYM   0      0      00000000 1913   void:t(0,10)
1051   PSYM   0      0      00000008 5029   v:p(0,9)
1052   PSYM   0      0      0000000c 1125   c:p(0,1)
1053   PSYM   0      0      00000010 4953   n:p(0,4)
1054   SLINE  0      123    00000000 0      
1055   SLINE  0      126    0000000c 0      
1056   SLINE  0      128    00000010 0      
1057   SLINE  0      129    00000018 0      
1058   SLINE  0      130    0000001c 0      
1059   SLINE  0      130    00000021 0      
1060   SLINE  0      130    00000026 0      
1061   SLINE  0      130    0000002b 0      
1062   SLINE  0      130    0000002f 0      
1063   SLINE  0      132    00000031 0      
1064   SLINE  0      131    00000034 0      
1065   SLINE  0      135    00000039 0      
1066   SLINE  0      139    0000003f 0      
1067   RSYM   0      0      00000007 5038   v:r(0,9)
1068   RSYM   0      0      00000001 5047   n:r(0,4)
1069   FUN    0      0      f01016be 5056   memmove:F(0,9)
1070   PSYM   0      0      00000008 5071   dst:p(0,9)
1071   PSYM   0      0      0000000c 5082   src:p(0,11)=*(0,10)
1072   PSYM   0      0      00000010 4953   n:p(0,4)
1073   SLINE  0      143    00000000 0      
1074   SLINE  0      149    0000000e 0      
1075   SLINE  0      149    00000012 0      
1076   SLINE  0      149    00000015 0      
1077   SLINE  0      151    00000019 0      
1078   SLINE  0      152    0000001c 0      
1079   SLINE  0      154    0000002a 0      
1080   SLINE  0      154    0000002d 0      
1081   SLINE  0      154    00000030 0      
1082   SLINE  0      153    00000033 0      
1083   SLINE  0      157    00000038 0      
1084   SLINE  0      157    0000003b 0      
1085   SLINE  0      156    0000003e 0      
1086   SLINE  0      159    00000041 0      
1087   SLINE  0      161    00000044 0      
1088   SLINE  0      163    0000004f 0      
1089   SLINE  0      162    00000052 0      
1090   SLINE  0      165    00000059 0      
1091   SLINE  0      169    0000005e 0      
1092   RSYM   0      0      00000007 5102   d:r(0,7)
1093   RSYM   0      0      00000000 5111   dst:r(0,9)
1094   RSYM   0      0      00000006 5122   src:r(0,11)
1095   RSYM   0      0      00000001 5047   n:r(0,4)
1096   LBRAC  0      0      00000000 0      
1097   RBRAC  0      0      00000062 0      
1098   FUN    0      0      f0101720 5134   memcpy:F(0,9)
1099   PSYM   0      0      00000008 5071   dst:p(0,9)
1100   PSYM   0      0      0000000c 5148   src:p(0,11)
1101   PSYM   0      0      00000010 4953   n:p(0,4)
1102   SLINE  0      210    00000000 0      
1103   SLINE  0      211    00000006 0      
1104   SLINE  0      212    00000014 0      
1105   FUN    0      0      f0101736 5160   memcmp:F(0,1)
1106   LSYM   0      0      00000000 5174   uint8_t:t(0,12)=(0,8)
1107   PSYM   0      0      00000008 5196   v1:p(0,11)
1108   PSYM   0      0      0000000c 5207   v2:p(0,11)
1109   PSYM   0      0      00000010 4953   n:p(0,4)
1110   SLINE  0      216    00000000 0      
1111   SLINE  0      220    00000010 0      
1112   SLINE  0      223    00000012 0      
1113   SLINE  0      223    00000015 0      
1114   SLINE  0      220    00000018 0      
1115   SLINE  0      221    0000001c 0      
1116   SLINE  0      221    0000001f 0      
1117   SLINE  0      221    00000022 0      
1118   SLINE  0      222    00000026 0      
1119   SLINE  0      222    00000029 0      
1120   SLINE  0      222    0000002c 0      
1121   SLINE  0      226    00000030 0      
1122   SLINE  0      227    00000035 0      
1123   RSYM   0      0      00000000 5218   s1:r(0,13)=*(0,12)
1124   RSYM   0      0      00000002 5237   s2:r(0,13)
1125   RSYM   0      0      00000000 5248   v1:r(0,11)
1126   RSYM   0      0      00000002 5259   v2:r(0,11)
1127   LBRAC  0      0      00000000 0      
1128   RBRAC  0      0      00000039 0      
1129   FUN    0      0      f010176f 5270   memfind:F(0,9)
1130   PSYM   0      0      00000008 5285   s:p(0,11)
1131   PSYM   0      0      0000000c 1125   c:p(0,1)
1132   PSYM   0      0      00000010 4953   n:p(0,4)
1133   SLINE  0      231    00000000 0      
1134   SLINE  0      232    00000009 0      
1135   SLINE  0      233    0000000e 0      
1136   SLINE  0      233    00000010 0      
1137   SLINE  0      233    00000013 0      
1138   SLINE  0      234    00000017 0      
1139   SLINE  0      237    0000001b 0      
1140   RSYM   0      0      00000002 5295   ends:r(0,11)
1141   RSYM   0      0      00000000 5308   s:r(0,11)
1142   RSYM   0      0      00000001 779    c:r(0,1)
1143   LBRAC  0      0      00000000 0      
1144   RBRAC  0      0      0000001d 0      
1145   FUN    0      0      f010178c 5318   strtol:F(0,14)=r(0,14);-2147483648;2147483647;
1146   LSYM   0      0      00000000 5365   long int:t(0,14)
1147   PSYM   0      0      00000008 4636   s:p(0,2)
1148   PSYM   0      0      0000000c 5382   endptr:p(0,15)=*(0,7)
1149   PSYM   0      0      00000010 5404   base:p(0,1)
1150   SLINE  0      241    00000000 0      
1151   SLINE  0      246    0000000c 0      
1152   SLINE  0      247    0000000e 0      
1153   SLINE  0      246    00000011 0      
1154   SLINE  0      246    00000014 0      
1155   SLINE  0      250    0000001c 0      
1156   SLINE  0      242    00000020 0      
1157   SLINE  0      252    00000025 0      
1158   SLINE  0      256    00000029 0      
1159   SLINE  0      256    00000031 0      
1160   SLINE  0      261    00000036 0      
1161   SLINE  0      251    0000004a 0      
1162   SLINE  0      242    0000004d 0      
1163   SLINE  0      253    00000054 0      
1164   SLINE  0      253    00000057 0      
1165   SLINE  0      256    0000005e 0      
1166   SLINE  0      258    00000064 0      
1167   SLINE  0      259    00000068 0      
1168   SLINE  0      259    0000006b 0      
1169   SLINE  0      259    00000070 0      
1170   SLINE  0      257    00000072 0      
1171   SLINE  0      257    00000075 0      
1172   SLINE  0      257    0000007a 0      
1173   SLINE  0      268    0000007c 0      
1174   SLINE  0      268    0000007f 0      
1175   SLINE  0      275    00000082 0      
1176   SLINE  0      277    00000087 0      
1177   SLINE  0      277    0000008a 0      
1178   SLINE  0      277    0000008e 0      
1179   SLINE  0      267    00000090 0      
1180   SLINE  0      267    00000093 0      
1181   SLINE  0      267    00000096 0      
1182   SLINE  0      269    0000009d 0      
1183   SLINE  0      269    000000a0 0      
1184   SLINE  0      270    000000a7 0      
1185   SLINE  0      270    000000aa 0      
1186   SLINE  0      271    000000af 0      
1187   SLINE  0      271    000000b2 0      
1188   SLINE  0      272    000000b9 0      
1189   SLINE  0      272    000000bc 0      
1190   SLINE  0      281    000000c1 0      
1191   SLINE  0      282    000000c7 0      
1192   SLINE  0      283    000000cc 0      
1193   SLINE  0      284    000000d5 0      
1194   RSYM   0      0      00000007 5416   neg:r(0,1)
1195   RSYM   0      0      00000001 5427   val:r(0,14)
1196   RSYM   0      0      00000002 4612   s:r(0,2)
1197   RSYM   0      0      00000003 5439   base:r(0,1)
1198   LBRAC  0      0      00000000 0      
1199   RSYM   0      0      00000000 5451   dig:r(0,1)
1200   LBRAC  0      0      0000007c 0      
1201   RBRAC  0      0      000000c1 0      
1202   RBRAC  0      0      000000dc 0      
1203   SO     0      0      f0101868 0      

